Template: NONE
Clouds: 0.3586957
Grime: 0.07608695
BkgDroneVolume: 0.2826087
RandomItemDensity: 0.1086956
RandomItemSpearChance: 0.05869558
Palette: 6
EffectColorA: 10
EffectColorB: 21
PlacedObjects: CustomDecal><342.4511><11.80611><-38~951~563~949~506~-3~-273~210~0.4456522~1~0~BlackRust1~0.6529893~0.7717391~0.1521739~0.7717391~0.4673913~0.7717391~0.4673913~0.7717391, CustomDecal><465.5704><780.0881><-91~665~392~579~310~-22~-427~332~0.5434783~1~0~Big Letters~0.5056275~0.8913044~0.5056275~0.8913044~0.5056275~0.8913044~0.5056275~0.8913044, CustomDecal><427.9268><1526.638><-28~659~397~680~346~10~-352~131~0.5760869~1~0~BlackRust1~0.5075179~1~0.5075179~1~0.5075179~1~0.5075179~1, InsectGroup><633.828><1817.352><142~184~0~0~Moth~0.08695652, InsectGroup><643.1166><1150.412><89~323~0~0~Moth~0.1847826, 
AmbientSounds: OMNI><AM_ENV-LightWind.ogg><714.6946><518.4536><0.25><1, 
FadePalette: 8, 0.4826425, 0.4253736, 0.3649682
