CeilingDrips: 0.4021739
AmbientSounds: OMNI><Weird Deep Hole.wav><751.893><506.331><0.1521739><1, OMNI><SO_NAT-LilDrips.ogg><729.6919><433.6937><0.2282609><1, 
FadePalette: 9, 0.06521739
