Template: NONE
DangerType: Flood
Clouds: 0.02319999
Grime: 0.09013831
BkgDroneVolume: 0
RandomItemDensity: 0.3043478
RandomItemSpearChance: 0.1891304
Palette: 2
EffectColorB: 21
Effects: Fog-0.2717391-20-20, 
PlacedObjects: CustomDecal><1763.571><456.0646><-32~1~-30~30~-1~32~-481.2125~-85.82657~0~1~0~ScavMark Arrow~0.5217391~0.7391304~0.5217391~0.7391304~0.5217391~0.7391304~0.5217391~0.7391304, CustomDecal><1611.172><772.1012><-126~540~464~567~387~-18~-446~154~0.3478261~1~0~BlackRust1~0.3586957~0~0.3586957~0~0.3586957~0~0.3586957~0, CustomDecal><203.3964><355.9211><-83~179~114~173~149~-57~-104.1084~-33.90936~0.3369565~1~0~BlackCloud~0.08695652~0.6630435~0.08695652~0.6630435~0.08695652~0.6630435~0.08695652~0.6630435, LightSource><1510.737><480.9305><0.1029444~Environment~78.97186~-284.899~50~86.60254~1~1, LightSource><543.1447><447.8469><0.0720102~Environment~98.18121~-186.0062~50~86.60254~1~1, LightSource><2134.879><1185.388><0.08747797~Environment~-86.79803~-131.9354~50~86.60254~1~1, LightSource><1888.319><340.1699><0.04881088~Environment~14.22913~-124.8208~-386.8354~-57.11203~1~1, 
AmbientSounds: OMNI><AM_IND-Warehouse01.ogg><752.8121><414.0599><0.2644355><1, OMNI><AM_ENV-Outside.ogg><734.7304><473.958><0.4304007><1, 
FadePalette: 150, 0.7026946, 0.7026948, 0.7350875, 0.7350877
